345707.5471698113
479594.5945945946
345707.5471698113
260645.0
260645.0
423150.0
260645.0
903393.75
423150.0
579125.8064516129
345707.5471698113
345707.5471698113
260645.0
260645.0
260645.0
479594.5945945946
345707.5471698113
345707.5471698113
260645.0
345707.5471698113
423150.0
423150.0
345707.5471698113
678573.9130434783
423150.0
423150.0
423150.0
678573.9130434783
678573.9130434783
260645.0
579125.8064516129
260645.0
479594.5945945946
479594.5945945946
345707.5471698113
479594.5945945946
579125.8064516129
423150.0
678573.9130434783
678573.9130434783
423150.0
479594.5945945946
345707.5471698113
423150.0
423150.0
479594.5945945946
423150.0
423150.0
423150.0
423150.0
260645.0
579125.8064516129
479594.5945945946
423150.0
423150.0
479594.5945945946
345707.5471698113
479594.5945945946
479594.5945945946
260645.0
579125.8064516129
345707.5471698113
579125.8064516129
479594.5945945946
678573.9130434783
903393.75
479594.5945945946
479594.5945945946
260645.0
345707.5471698113
260645.0
423150.0
423150.0
423150.0
345707.5471698113
479594.5945945946
479594.5945945946
423150.0
479594.5945945946
423150.0
479594.5945945946
579125.8064516129
423150.0
260645.0
423150.0
579125.8064516129
423150.0
479594.5945945946
345707.5471698113
479594.5945945946
423150.0
345707.5471698113
423150.0
479594.5945945946
423150.0
479594.5945945946
423150.0
260645.0
